%% By Lydia Drabsch 
% 8/3/2016
% Experimental Robotics MTRX5700 
% Assignment 1 Question 2
clear

R1 = [  0.7500,-0.4330,-0.5000;...
        0.2165,0.8750,-0.4330;...
        0.6250,0.2165,0.7500];
R2 = [  0.7725,-0.4460,-0.5150;...
        0.2165,0.8750,-0.4330;...
        0.6000,0.2078,0.7200];
R3 = [  0,     0,     1;...
        0.8660,0.5000,0;...
        -0.5000,0.8660,0];
R4 = [  -0.7500,-0.2165,-0.6250;...
        0.4330,-0.8750,-0.2165;...
        0.5000,0.4330,-0.7500];
%% Part A
IsInvalid = [max(max(abs(inv(R1)-R1')))>10^(-3);...
max(max(abs(inv(R2)-R2')))>10^(-3);...  % invaliad by ~10%
max(max(abs(inv(R3)-R3')))>10^(-3);...
max(max(abs(inv(R4)-R4')))>10^(-3)]
    
%% Part B
% alpha = atan(Rx(2,1)/Rx(1,1))
% beta = atan(-Rx(3,1)/sqrt(Rx(3,2)^2+Rx(3,3)^2))
% gamma = atan(Rx(3,2)/R(3,3))